00011101000110010000101001011000000001010000001100010110000101010000100101000101000100010000001000011111010000110001100100000100000011000000110000011011010010000001110100000101000001100100001000001011000000000001110100011001000100100101010000001111000000010001110100010100000001000000101001010001000100000000010000010010010011110001011100001111000111110000111100001100000000000100000100011111000101100001100000000111000001110000000001010000000000100000011100010110010100110001100000010111000011100101011000001011
00011011000001110100111000001011000110000000011100010110000010010001100001000101000000000000100100010100000100000000000100000011010010000000011100000101000110100001010000000111000001010000101100010110000000010101001000010111000000000001101001001110000000100000101000000001000001000000000000010101000101110001111100010010010011110001110100011001000010100100101000001101000100010000010101001101000000000000000100010010000110110001001100000100000110000000000000011101010100110001011100000010000000110001001100010101
00000010000000010000101100011100010100010000001100011010000101000100110000010110000110000000100101000110000000100001110000001000010010000000111000001101000001100101000100010000000110010000011100010000000111010101001000000111000100010001110100011010000000110100111100010000000101110000000100011000000101100101000100001110000010100000000001010111000111110001100000001010000000000000010000000011000101110000110100000010010011100001010000000101000111010000100100011010000111110001101000010011000100110101011000011101
00001010000000010001110000011101000111000000111000011111000111100100110000000000000101000001100100000101000000100001101000000100000001110000110101001100000100010001010000010000010100010001000100011000000110110001101100000111000001110001110100001011000000100100111100010101000010000000101001010001000111010001111100000011010011110001001100010011000000100000001100011011000000000000100000000011000101000100100000001111000000000001000100011111000111000000001000011100000101110001001101010110000000110001100100010100
00010111000001110000111100011010000111010001001001010011000011110000001100010010010100000000110100010100000001100100111001001101000011000000011000001101000111000001100101000100000001100000011100011100000001000000000101010100000001000001010100011100000010100001011001010001000010010000111100010101010100100000010100001110000010100001101100000101010011110000101100000001000100000100000100001011000111000000010000001010000101110101001000000100000110000000001000010110000101110101011000000110000000100000001001011000
00011010000100000000111100001010000001010000111000010111010001110000101000001010000000100000111000000111000001110000101101001101000001110000110101001100000010010001111101000100000001110000101100010101000000110001001100010011000001000101010000010111000000110100111100011000000011110100111000010111000110110001011100010010000010100001011100011001010011110000101100001000000100010100000100001100000001110001110000000011000000000001011000010101000101010100111100010001000101100000001000000100000101100000111100011101
00010110010101010000011000011101000000110100101100011110000001100000001001000101000000100000110100010110000101110001101100011111000011010001000001001100000001000001000000010001000101100000101000001101000010100000000001010100000010000001101000011101000100100001110100000100000011000000101100011111000001100101000100010010000010100000000000011010000001100000010000001110000000000000010000001001010100110000011100000000010011100001001100000011010100010000111000000000000001110001100100011000000111100000010100010000
00010111000100010100111000010100000110000001111100010110000101010000110100010001000001010001111000000011010000110000001100000010000111000000101000000011000001100001110100000001000000100001000101011001000011100001011000011001000010000000011000001111000100100000011000011110000011110100111000000101000110100001010001000110000011100001010000010001000010100000100100011011000111010000111000000011010100110000100100010100000010110101001000010100000101000001101100010110000000010001101100011111000110010001001101011000
00011010000110100001100101011000000000010000111000000001000000010000001100010111000111010000100100000010010000110000011100000011000111000000011000000010000111000001100000001011000111110100001000011101000001100000000100010111000011100000000100011100000101010000101001010001000000110001101100000101010100100001111000001000010011110001111100010010000111010000001100011011000001110100000100000010000111010100100000010101000000010101001000000110000100000000001100011111000101100000111101010110000111100001100000011100
00010111000100000000101001011000000100000001100000000000000100100001111000000000010100000000001100000000010000110000011000001100000110110100001100001101000011000001010101000100000000010000001100001011000110110001101100010111000101000001100000001111000101000100111100010011000011100000011100000010000001100001010000010100000000000000011100000100010011110001111100000001000101110000111000000000000111100000011100001000000000100000101101010000000100000001110100010110010100110001001100010111000001010001101000000001
01010010000000100001110000010111000111110000110001010011000001100001111101000101000000110000001101000110000011100000111100000011000001110001000101001100000001010001000000010000000100100000101001011001000001110001101100011001010000010001101000001011000001010000101000000010000100100000111100000011000010110101000100010101000001110001001100011010000010100000011000001010000001110001001001001101000101110000000100010101000011010001110100000110000101000001110100001010010100110001010100011001000110010000010100001101
00011110000000010000101100011100010100010000010000011101000000100100110000000111000001010001100001000110010000110000011000001000000110100100001100001111000001110001110000010100000100000000110000010000000000000001110000000111010000010001110100000000000101010001101100000011000101000000001100010100000111000000010101000110000111000001011100000011010011110000111100011100000000000000100000000000000100100001110000001111000000000001010101010000000000100000101000001011010100110000010000010011000110100001011100001010
00011001000101000000110000010100000010000100101100000000000010000000000000001100000100110000010100010010000101100000101000001000010010000000111000000011000111000001100000001011000111110000111000011100000111000000000101010100000100010000011000000001000101100000101000000011000101010001011101010001000111110001010000001000010011110000011000011111000010100100101000011000000111000001100001001101000000000000010100000111000000100001111000010101000000100001101101010011000101000000010000010111000101000001001100011110
00000111000110010100111000011100000100000001001001010011000011100000001000010110000110010001111100010010000001100000101001001101000110100000011000011101000111010001100000010110000101000000011001011001000001100001110000000101000101000001110100011100000111110100111100011011000101000001110100000101000110110001001000000011010011110001000100011000000110100000010000011011000001100001100001001101000111000000010000000010010011100000001000011100000100000000110000011010000111010001000101010110000001000001111100001100
00000110000111000000000000011111010100010000101000011101000111100100110000010001000101010000001001000110000000100000100100001000010010000000111100000011000001110001101000001101000111110000010101011001000110010001011100011010000101010000000100011100000000110100111100011011000101000001110100000101000110110001001000000011010011110001101100011001010011110000111100011001000111010000010100001000000111010001110001000110000001110001110001010000000001010000000000000111000100100001101000011010000011100101011000010000
00010111010101010000101000010111010100010000101000010001000011100000000000001100000001000001010101000110000000010000101101001101000000010001000001001100000001000001111000010111000101000100001000011110000001100000000000011000010000010001100000000001000010000000100001010001000011100000100001010001000001110000000101000110000010000001101100000001000010100100101000011011000001100000100000001011000111110000000100001000000010010101001000000111000111100000000100010111000101100000010000010011000100110101011000001101
00011100000001010000111100011011000110100000111000010111010001110001010100000000010100000000110100010010010000110000011000001000010010000000101000000010010010000001100100001011000001000001000100011100000001110001110100011000000001010101010000001101000000110001110100000101000000000000011100011111000001100000100001000110000011100001110001010111000000000000010001001111000000000000111000000001000101100001101000000111000011000001111000001001010100010001110000011110000100100001101000011010000110010001001100001011
00000001010101010000101000010001000101110000110100011010000001000001100100001001000001000100110000001011000000100000000000010100010010000000110100000011010010000001010000000101000100100000101001011001000000110001101100011111000001000101010000011011000101100100111100010011000001000100111000011000000000010101000100001000000010100000101000000011010011110000010000001010000101010001010101001101000000110001110100010010010011100001110000011111000001010100111100010110000111010001110000011001000011100001101100011101
00011100000000010100111000011010000101000000001100010010000100010000010100001010000001010001111001000110000010110000101100011111010010000001000000011001000110000000000100001011000000100000101100010111000010000101001000010101000101010101010000000110000000110100111100000001000101000000001000011101000101110001010101000110000000000001000000011101000010100000100100011011010101000000111000011001000110110000110100010100000111010101001001010000000110000000000100000010000001100001111100010011000000110000001100011100
00010111010101010001110100010001000111000001101100011111000011100000111100001100000001000001010101000110000101110000101100011111000001010000101000000010000010010000010100000001000101010100001000001010000001110001011101010100000000100001101100000011000101100000001100011000000011000000101100011111000001100101000100010100000010100001111100010110000111010000000100001110000101100000110100010100010100110000111000000011000110010101001000011000000101000001110101010011000111010001011100001111010101110000001000010000
00010111010101010001100100011101000101000000000000000000010001110000110100010111000101010100110000001110000000100000001101001101000010010001000000000111000011010001010101000100000110110000110100010010000010100000000101010100000011110001000100001001000010100000101000010010000101010000101100010101010100100000000100000011000111010001000100010010000001100001110000001010000100000100000100011110000110110001000101000110000000000001001100001001010100010000110000011100000111010001010100011010000000100001001000011101
00010110010101010000000000010111000001010100101100011110000011100000000000000000010100000000100000010100000000100001100101001101000110000000111100001101000001100101000100010111000111110001011100011110010011110001110000010001000110010000000001001110000001110000001100011101010000010000011000011110000001110000001000000011000111000101001000011011000011100001111000011011000100010001001101001101000100100000011001000110000110000001001100011100000111010000101000001010010100110001010000010011010101110001111100010110
00010110000100000000101100011100010100010001110000011010000101000000010000000000000101000100110000001011000001100001110000001000000001000001101001001100000000010001111101000100000111000001101101011001000000100001110100011010000001000000110101001110000000100000000000000100000000110001101001010001000111010001100101000110000010110000000000010110000110000000010001001111000100010001011100001000000000010001000101000110000000010000000001010000000100000000000101010011000100000001111000011111000110010001011101011000
00000100000111000001110100010001000001010000111000010111010001110000001100010000000001000100110000000000000100010000011100001000000001100000011100011111010010000001011100001011000000110100001000011100000101110000001000010001000011110000011100001011010001100000001000010100000100100001110100010000000101010001010001000110000111000001011100000011010011110000111100001110000000000100000101001101000100000000011100001000000011010001011100000010000111110001110001010011000101000000010000010011000101100000001000011101
00000001000000010100111000010101000100000001100100010100000001100001111000000000000001000100110000001110000010100000001101001101000010010000000100011111000001110001110100010001000001010000011101011001000010100001110000000000000100110001010100000000000001010000101001010001000011110000111100001000010100100001010100001001000000000000000001010111000000010000111100001110000000000100000100011010000101100000110100001101010011100001011000011111010100010000100100011010000111010001001001010110000001110001011100001011
00000110010101010000011000011101010100010000100100010110010001110000001000001010010100000001111100010011000100010001111000011111000000010001000000001001010010000001100100000001010100010000101000010110000000010001110100000001000100110001000100001010010001100000011000011111000001010001101100011101000101010001010000000010010011110000011100011001000111110000101100001100000111110000010000001001010100110000110100001000000010100001011100010001000001110000000000000001010100110000010100011111000011110101011000001011
00000110000100000000101100001000000101000001100000000111010001110000010000000100000101000100110000001110000101100001110100001111000010010000110100001000000110110101000100001100000101000001000001011001000111110001001100011101000011110000000000001011000000100100111100011111000011100100111000011110000000000101000100000111000010010001010000011110000101110000111100001011010101000000100000011001010100110001101100001001010011100001000100011001000001110000011000011111000111110000111101010110000100100000111000001000
00011101000001100000101100011100010100010000010100010110000011100001100000001101000101010001111001000110000100110001110000001000000110110001000000001001000011000101000100010111000111100100001000011010000000000000011000000000000000000001001100001011010001100000111000000010010000010001111000000011000111010001001000000011000010100001011001010111000011100001111001001111000110110000011100001011000110100000101100000011000111010101001000011110000100000001011001010011000001110001111000010011000011100101011000011111
00011101000110110000101101011000000000100000001000000001010001110000101100000100000111010000100101000110000001010000000100011000000110100100001100001010000010010000011100001011000001000001000000011000000011010001111000010001010000010000010000000111000001110000000100011110000001110000000100000011000001100001010001000110000000000001101001010111000000100000010100011011000111010000111000000011000111110000110100010101000111010101001000010101000010010000110000010110000111110001101000010011000110010001010100011101
01010010000110100000100001011000000100000001100000000111000010000000001000001100000000110000010000000011000001110100111000011010000011010100001100011100000110100001100000001010000100100000101100001001000000110001011100000111010000010000001100001111000101000001110100010000000011110001101001010001000000100000001100000011000111000001011100011001000110110100101000001000000101010001001100011111000101100001110000010101010011100001111000011001000111000000011000000111000101100001001001010110000101000001100100001010
00010110000111000000111100010100010100010000001000011101010001110000010100001011000000010001100100001111000100010001011101001101000111000000110001001100000110110000010000010100000000010000110100001011000110110001011100010000010000010001100100001011010001100001110000000110000001000000101100000101000111000001010000010101000111000101001000010101000010100000001000001110000000100000100000000010000001100001101001000110000111010001101000010001000111000000101000011111000101100000010100000101010101110001001100000000
00010001000100000000001000010100000101000000010100000111010001110001111100001010010100000000110100010100000100010000111100000011000011110000101000000010000011110101000101000100000001110000101100010101000000110001001100010011000001000101010000001010000011110000101101010001000100110000101100011100000111010000011100000011000010110101001000010010000000010000000000000000000011010000010000001001010100110000110100011110000111100001111000010001000110000000000101010011000111010001100100000100010101110001111000011001
00011111010101010001110100011001000001100100101100010000000001100000000000001001000110010000001000000001010000110001101000001100000001000000100000000101000001100001011001000100000000100000011100011010000110100000000000011101000011110001001101001110000001110001110001010001000010000000000000010111000111010000001100001011000010100001011001010111000010110000111100001100000110000000000000011111000101100000110001000110000000010000000001010000000111000000111000000001000101000001011100000100000100100000001001011000
00011000000110100001011101011000000110010000010000000001000101010000010100000111000111000000100101000110000011100000000100011111000011010000110000011010000011010000001101000100000111000000001100010111010011110001010000010001000001000001100000000111000010000000100000000010010000010000000100000110000111000101000100010101000001110000101101010111000111010000111100011110000000010000010000011110000001110100100000001000000000010000000000011100000100000000000100010111010100110001100000010011000111100000001000010000
00010111000001110100111000010101000110000001100000000111000001100000011100000000010100000000101000001001000100010100111000010100000011010001011101001100000010100001010000010000000001100000011100011100000000010101001000000000000010010001000101001110000000000000000000000011010000010000001100011110000000000001111100001111000000010001010101010111000011100001100100011100000000010001001100001000000101110100100000000101000000010000011100011110000001010001110100001010010100110001010000010011000110110001111100011101
00000100000100000100111000010111000111110100101100010110000100010000100100001011010100000000101000000011000001100001101001001101000111000000101000000001000011010101000100001100000100000001010000011100010011110001001100011010010000010001101000000001010001100000111000000101010000010001110000010100000111100001000000010010000001100001110100011001010011110001100100000000010101000000100000000011010100110000101100001001000000000001010000011001000111110000101000010111010100110000010100011011000101100001101000010100
00010111000001100001101001011000000100100000001100011010000010110000100000010111000101010000001001000110000101100000000000011101000010010000000000000111000011010001010101000100000101010000011100010101000001100001000100010101000101010001000101001110000100010000011100001000010000010001110100011000000000000101000100000011000000010001011001010111000011010000111100000011000111010000010000011011000101100100100000010011000000000001000100011001000001110000011000011111010100110000010000010011000001000000011000011101
00010001000000010100111000011001000111010001110000010010000111100001111101000101000101110000100100010010010000110000111100001001000000010000011000011001000110110101000100001010000100000001011000001100000111010001011101010100000001010001010100010111010001100000110000011110000101000001110000000010000101110101000100000000000000000000000001010111000011000000010100000010000110010000111000000011010100110000010100011111010011100001111000011001000001010001101100011111000101100101011000010001000101100000010000001010
00010111000000010100111000001010000101000001101100010010000011100001111001000101000001000000001101000110000001110000101100011110000000010001000100001001010010000001100100000001010100010000011100001010000110110001011100010001000011000101010001001110000100100000011100010100000010000001110001010001000100010001111000010011000000110001011001010111000011000000101100000001010101000001011000000100000101110000110100001000010011100000011000010101000111110100111100000000000110110001001101010110000101100001100000000001
01010010000101000001110101011000000000100000010001010011000100000000100101000101000000110000000100000111000100010001101001001101000111000000101100000011000110110001010001000100000111000000110100010111000010100000101101010100000010000001101001001110000001110000001001010001000101100001110000011110000001100001010001000110000110100000001001010111000110000000001000000000000110000000010001001101000000000000011101000110000110100001011100010001000000110001110001010011000000000001001100011000000001000001001101011000
00011101000111010100111000011001000100110001100000011100000010110001100100010001000101010100110000010100000001100001111100011000000000010001000100001001000011000101000100001011000101110100001000001011000010100000000100010001000100110000001000001011000000100100111100011000000011110100111000011110000101000001011100000011000111010001101100011001000010000100101000000001000110110100000100000101000111000001111101000110000111010001011100011110000000100000101001010011000101010001100100000011000110010001001001011000
00011101000000000001110001011000000001010000001100011100000101000000100101000101000101110000110100011111010000110000111100001010000010010000101000000010010010000000010100000101000110100000011100010111010011110000011000011100000001000101010000000110000001110000101101010001000011000001110000000010010100100001111000010011000110110000010100010010000001100000110100000111010101000000010100001000000000000000000100010100000000010000011100000011010100010001110000010110000010110101011000011001000000010001001100001010
00010001000101000000001100011101010100010000001000011110000101110001111000001010000001100000100100000010010000110001111000011111000001110001001100001001000110100000010100011101010100010001000000011100000111000001011100000110000101110001000100001010010001100000101100011000000100100001111000011110000000010001000000001010010011110001011000011000010011110000010100001001000100100000010000011111000110100000011000000001010011100001111100010101010100010100111100011111000001100001010100011101000111100001101000000001
01010010000100110001110000010001000101000000010100010111000101000100110000000001000111110100110000000111000100000000011000001100000001010000011000001000010010000000010100001011010100010000011000010110010011110000000100000001000100010000010000000001000101010000101001010001000101010001110000011000000101110001010101000110000000100001011100010110000000010001111001001111000110010001001101001101000000000000010100001111000000100001011101010000000000100000000001010011000101100000111000000111000000100001111100001011
00011011000000010000101101011000000100110000111000011011000001100001101000001100000111110001100100010100010000110000111100011110010010000001011100000011010010000001110000001101000101010000011000010101000010100000011000011011000011110101010000011110000000110001110100010111000001000000110100000101000111100000100001000110000011000001101000011110000011000000000100001010000110100100000100000011000111000100100000010001000001110000000100011000000110000000000100010100010100110000000100010111000111100000001000010001
00011100000100100100111000011001000111000100101100000000000001100001010101000101000100110000001100001000000000000000101100011111000001100001000001001100000011000000011000000001000111010000111000010000000000010001010101010100000001100000011000001111000001010000101000010111000101000000001001010001000000010001100000011110010011110001101000000010000000100000010100011010000001100000010000001001010100110001111100001110000010110000011000011000000101000001110101010011000111100000010001010110000000100000011001011000
00000001000101000001100000010001000111110000110000000000010001110001100000000100000111000000011100001111000011010000100101001101000010010000110101001100000010010001001000010000000110000001010000011100010011110001111100000001000101010000000100001111000010100100111100011111000011100001110001010001000101000001000000010010000001110001011100000101010011110000011100000000000000000000100100001000000000010100100000000011000101100001011100000100000101000001110101010011000100000001111000010111000110010001000100011101
01010010000001100000011100000000010100010000111100011010000000110100110000000100000111000000000001000110010000110000101000000010010010000000001000000001010010000001100100000001010100010000101000010110000111010000000000011101000000110001100000001011010001100000101100011000000100100001101000010000000111000001001000000011010011110001111100010110000111010001100000000110000101010000011000001000010100110001101100001001010011100001001100011100000001010000011100011100000001100001000100011110010101110001011100011110
00000000000101000000011100011100010100010000101000000000000101000001100100010111000101010100110000010101000100100001101100001100000110100000011001001100000110110001111001000100000110010000001100001001000111110001011100011010010000010001100100011100010001100000111000011111010000010000110000010100000101000001111000010100000010100101001000011111000001100001100101001111000110010000000000000011000010100100100000010101000011110001111100010101010100010000110100010110000101100001100001010110000000000001001100010100
00011110010101010000110100011001000111110100101100011011000011100000101100001101010100000001100000001110000000100001101001001101000011100000110000011110000011100001010000001101000001010000011100011101010011110001011000011101000001010101010000000010000001110001100001010001000001000000111100010110000101110000001100001000000010100000000100000100010011110000101100000011000110000000111000011010000100100000011000000101000010110101001000011001000111000001111100000001000111000000000000011111000110010001000101011000
00010011000001100001110100001101000000110000101000011101000001000000100101000101000100100000100100000010010000110000011000001100000011000100001100011111000010010000011001000100000000010001011100001101010011110000000100010001000101110001000100000000010001100000010100011110000110000100111000000010000110100001111000010100000110110101001000010001000001100001100000011100000000000100000100011101000000010000011100001000000000010000011100011110000100100000101001010011000000000001100101010110000100100001100000010010
00011101000011000000001100011101000111110001111101010011000010100001010101000101000000100000100100010101000001100000001100001111000001000000011000001000010010000001100000001010010100010000010000010110000111010001010000010001000010000000000000001011000000100100111100000010000100010000000100000011000001100000001000001011000011100001110001010111000110000000001000000110000101110000100101001101000001010000110100011110000010110001011001010000000101010000011000010111010100110001010000010011000100000001011100010110
01010010000001100000000100010110010100010000101000010001000010000000100000000000010100000001111100001110000011000001110000011001010010000000111000001101000100010101000100001101000111110001011000011100000111010001011100000111000101010001000100001010010001100000111000000010000101010000000100011111000110110000001000001110000010100001011001010111000001110000111101001111000101010001010101001101000100000001110100001010000110100001101100000110000100000001101100010110000101110101011000011001000001010101011000010101
00010111010101010000000000010111000000110100101100010001000101010000001100010000000101110000010000010010010000110000000100000011000011010100001100000101000001100000011100001101000001010000011100011101010011110000000100011100000001000101010000011110000101000000000000010101000101000000110100010100010100100001100100000011000111010101001001010111000011100001111001001111000100010001011100001000000000010001000101000110000110100001101100011100000101000000101101010011000111000001100001010110000011100001001101011000
00010110000100000000100000011101000000110100101100010111000010000100110000001011000111110100110000000111000101110001101000001000000001100001011100000101000001110001111101000100000000100001011100001010000111110001011100010111000101010001000100001010010001100000000000011001010000010000101000011000000101000001011100001111000011000000011100011011000110110100101000001001000110110000111100001001010100110000000000001111000111010101001000000011000100000001011001010011000111000001101000010010010101110001101100011101
00010111000000010100111000011011000111100000011100010111010001110000101000001100000111100000100001000110000000000000000100000000000011010100001100011011000000000001111000001001010100010001011000010001000010100101001000000111000010000000011001001110000101100000111000000011000010100100111000000010000100110001101000000011010011110001000000000101000010100000111001001111000000110000111000000011000101110000110100010100010011100001111100010001000001010001101100010110000000010101011000011000000110000000000101011000
00010001000101000000000001011000000101000001100000000111000001100001100000000000010100000000100100010101000101110000101100001000000001010100001100001101000110110000001000010001000000110000011101011001000010010001001100000000010000010000011000000001000100110001110000010100000001010100111000010000000111110101000100010110000010100000000000010001000000000001100000000010000100010000010101001101000111000000011001000110000010110000101000011001000000100001101100010110000111010001010100010011010101110001011100001011
01010010000100010000011100001011000100100000010000000110000101010001111100000000010100000000010100010101010000110001111000000001000011010000001000011111000111010000001100000001010100010000010000001011000001100001011100011010000001010001100000010111010001100000111000000101010000010000001100010000000000000000001100001111000011100001010100010010010011110000100000000011000100010001001000011110000110100000011000000001010011100001110100000010000100000000111000010010000100100001011100010111000101100001011100011001