00000101000111010000101100010110010100010001001000011100000100100100110000010101000110010000111100010010000101100001110000001000010010000000111000000011000111010001111100010000000100000000101100010111010011110001000100011000000010000001100100001100000000110001110100000010010000010001110100010010000100110001110100001111000000010001010101010111000000100000010100011010000110100001010101001101000101100001111000000011000111000001011100000011000001010100111100000100000110110001011100000010010101110000011000001010
00011101000101110000111100011010000111010001001001010011000001000000001100001000000101010001111101000110000101110000000101001101000001010000101000000010000011000101000100000101000000110000011101011001000110110001011100010101000011000000011101001110000010010000100101010001000000100000001000011000000111110001001100000011000111010000000101010111000110000000001100011011000111000100000100011110000110110000110100010100000111100001001101010000000101100001101000011010000101110001001100000101010101110001101000011101
00010011000100010000011100010110000101100100101100000111000011110000100100001000010100000001100000001001010000110001101000000101000011010100001100011111000111010001110000001001000110000001011001011001000010100000001100000001000010000000010000011110000000110000101101010001000101100000011100000101000110100101000100001001000101110000101100010000000010100000010001001111000110010000000000011110000110000001101101000110000111010000011100000000000000010000001100011010000101100000010101010110000101100001100000011100
01010010000000010000101100010110000001010001100001010011000001100000001000000001010100000000010100001000010000110000001100000010000110110001011101001100000010110001000000010111000101000001000101011001000101100001110100000001000001010101010000001100000000110100111100000011000010000000100100011001000001100101000100000111000111000101001001001110010110000100101000011111000100010001001101001101000100000000110100001000000110100101001000011111000101110100111100010000000111110001111100011011000101010001001100001010
00000001010101010001101100001011000101000100101100011100000111110001010100000010000101010000001001000110000101110000000101001101000010010001000000001111000011010001111100000000010100010001011000010110010011110001011100000010000001000000011000001011000101010001101100000010010000010001110100000100000111110001110000001111000110110101001000010110000110110100101001010111010011000101010001011101010100110000010100000011000110100000000000010101000000100100111100010010000100010001100100000000000100100101011000001011
00010111000101000100111000010100000101000001110100010110000010110100110000010001000110000000100101000110000101110000011000000100000001100100001100001101000000010000001101000100000100000001011001011001000001110001101100010011000010010101010000001111000010100001101100011000000101010001101100010101000101110000001001000110000000100001001100011100000010100001100101001111000110010000111000011110000001110100100000010110000010110001110100000000000111010000101001010011000100010000010000010011000101100000001000010000
00011110000100000001110100001011010100010000101000000111010001110101111101010000010000000101110001000110000011100000101100011001000110100000011000011111010010000001000000001010000101010100001000001101000001110001011101010100000101110001010100011101000100100100111100011100000000000000010000011110000000000001100000010010000101100101001000011000000010010100101000001100000110000000100000000000000100010000110100010100000111010101001000000101000000100000101001010011000111000000111000001111000100000001001100010110
01010010000001010000111100001011000001010100101101000100010101110101110001010101010100000000000100000011000101110001110000001000000110110100001100001101010010000000010100011101000000010000101100011010000011100001111001010100000000100001100000000111000010110000110100011000000011110000100101010001000101010000001100001001000110100000001001010111000110000000001100000011000110000100000100000101000100100001111000000011010011100100001101000101010100010001111100010110000111000000011000011010000100100101011000010001
00011100010101010000011100001100010100010001110000011010000100110000010001000101000100010000001001000110000000100000001000000000000001110001000000011000010010000001010000010101000001000000001100010101010011110001110000000001000011000001011000001011000101000100111100011110000001110100111000010110000001110001100000000010000010100000000101010111000011100000010000001011010101000001010100000101000101100001000100001010000000100101001000000011000000010000101000011101000101110101011000000001000100100001001100010011
00000001010101010001101000010111010100010000110000010110000100110100110000010001000111110100110000010010000010110000101101001101000111000000110000011100010010000001000000000010000001010000011100001011010011110000000000010001000000000001011100000110000011110000000100010110010000010000110000010000000000010001010001000110000011000001001100011010000111110000100000011010000000000100000100011000000111110001110000010100000011110001011000011001000000100001101100010010000111010001010100010011010101110001011100010110
00010110010101010000001100010111000001000000010100000111000001100000010100001011010100000001111000010011000011010000000000001000000110100100001100000111000000010001110100001101000100000000110001011001000001010001110100000110000011110001000100011010010001100000110100000100000100110000100100010000000101100001000001000110000011100000000100010100000010100000010000001011000100010000010101001101000001110000000000000011010011100001111100011111000001000000000100000111000100100001111100011000010101110001111100010110
01010010000110000000111100000001010100010101100101000011010101100101101101000101000100010000000000001001000011010000101101001101000111110000101000011000000000000001111000010001000001010100001000011000000000010101001000011011000110010000110100001001000000110000000101010001000011000000111100000010000110010101000100001001000111010101001000010001000001100001001000001010000100000100000100011111000111000001100000000011000111010101001000010110000111100001110101010011000100000001101000011111000110100001010000010001
00011100000100100000000100010000010100010000101000011101000000110100110000001101000101010100110000000010000010100000101001001101000000010001011101001100000000010001111101000100010000110101010001011001000001110001110100000001000100110000011100011001000011110001101100011001010000010000100000011110000111010001010101000110000111110001110100011110000111000000010100000001000111010000111100001010000100100000011000000010010011100000011000011000000101000000000101010011000101010001111100000000000100100101011000011100
00010011000011000001110101011000000111010000101000000111000000100001111001000101000110000000100101000110000001110000011100001001010010000000101000011000010010000001000000000011000100000000101100010111010011110000011000011100000010000000011101001110000100100000011000011100000001000100111000011000000111000101000100001001000000010001111000001110010011110101101101011000010101000000100100000010000001100001101000010101000011000001110100000010000111110100111100011010000111010101011001000111010011100100111001001111
01010010000111100000011100010100000110000000101000011101010001110000010000000100000000110100110000000100000001100000101100000011010010000001011100011110000010010001100000001010000110000000110000011110010011110001010000011011000100110101010000001011000100000000101000000011000001000001110100000101010100100001100100001111000111000101001000000000000001110000010100000011000100010100000100000001000110100000111000000011010011100001001100011110000101010100111100000111000110110001011100000010010101110000010000011101
00010011000110010000001000000001010100010000111100011100000000100001111101000101000111010000100100000111000011010100111000000101000000010001000001001100000111110001100100001011000111010000011101011001000000110001101100010010000001000101010000001111000101010100111100011001000001000100111000010110000000000001010000010001010011110000011100000111010011110101100001011111010001000101000101001101000111100000110100010010000111000001011100000011010100010000111000010001000111000000000000010011010101110000010100011101
00010011010101010000001000011101000001110000111000011111010001110000010100001011010100000001100000001110000001100100111000011101000100010001000100001001000001100001010000000001000000100100001000010000000000010101001000000000000010010001000101001110000101010000010000011000010000010001110000010100000000010001111000010100000110110101001000011000000010010100101000000011000110000000010000011110010100110000110000000011010011100001000100010101000000110000101100010010000111010000111100010111010101110001111100010110
01010010000101100000111100001100000100000000011100011100000010010000010100000100010100000000001000001001000100010001101000000101000011010000001000011111000111000001010000010110000111110100001000001010000111110001001100011101000011110101010000011001000011100000011000011101000001000100111000011110000001100001100100000011000111010101001000010100000001110000001100000011000100000001001100001000000111010100100000001110000001110000000101010000000100000000100000010110010100110000000100010011000001010001001101011000
00011110000100000000111100001010000111110000001000011101000000000100110000010001000111110100110000010001000000100000001000000110010010000000100000000101000001000001100000000101000111110100001000001110000011100000000101010100000011100001101001001110000101010000010000011000000100100100111000010000000001100101000100001001000000010001011101010111000011100000010000001011010101000000000001001101000110110000100100001010000010000101001000001001000101000000111000000001000000000101011000011001000110110001001001011000
00011010000100000100111000011100000110000000111101010011000001100100110000000011000110010001101000000011000010110000000100011000000110100100001100000100000000010001101000000001010100010001010100010000000110110001101001010100000010010001110100011101010001100000001000011110000101010000011000010100000000000101000100000011000000010000011000011110000111010000111100000011000011010100000100011000000111010000110000000011000111000101001000011000000110000001110001010011000111000000000100011000010101110000010100001100
00010111000101000000001101011000000110010000111001010011000010110000100100000011000001000100110000001110000010100001110101001101000110000000011000001001000110100000001001000100000101000001010000011100000000010101001000010010000101000000011000011010000011100000101000000011010000010000110000010100000110100001100000001000000010110101001000000000000001110000111100000001010101000000100100001000010100110000101100001010000001110001111100010010000101000000101101010011000110110001111100000101010101110001000000010001
00000000000001100001101001011000000111000000010000000110000010010001100000000100000110010000001001000110000000100000000000001001010010000000000000000011000001010000000100000001000001010000011100011101010011110001101100011010010000010001110000000111000101010100111100010111000010000001110000000010000001100101000100000101000111010001110100000100000111000000100100000000000000010000111100011001000000010001000101000110000111010001100100011001010100010001110100010010000100000001001101010110000101100000001001011000
00010011000100100000101101011000000001010000001100000001000000100000100101000101000100100001010101000110000000100000100100001000010010000001000000001001000111100001010000001010010100010000101000011100010011110001101000010101000001010101010000011101000001010000111000011101000001000000101001010001000100110101000101010010010111110100001001000111000010100001100001001111000101010000111100001001010100110000100100010010010011100000011000010101000111110100111100011011000101100101011000010010000111100001001001011000
00010011010101010101101001001010000101010000101000001010010001110000111100010111000111110001111100010101000010100000000000001010010010000000110000001010010010000000010100001100000101000100001000001001000101100000000000010001000011110001000100001011000101010000011100010100010000010001100100010000000000010101000101010111010111000101001000000000000001110000111100000001010101000000100100001000010100110001101100000111000101110000000101010000000110010000101001010011000000000000001000010111000001010000001000011101
00010110010101010001101000010111010100010001111100010010000011000000100101000101000110010001100001000110000100000000101100011111000000010000110000011001000110110001110100011101010100010000001100010111000010110101001000000000000100110001010100000111000010000000101000010101010000010001100100011000000001100001100101000110000110110001101000010010010011110001100100000100000111010100000100000000000111000001110100001000000110100001001100011001000111110000101000010110000000010001111100011000000100000101011000001100
00010111000101100000011000010110000110000000100000010010000010110100110000000110000101010000001000010010000100010000101101001101000000010000110101001100000010110001000000010000000100000000111000010110000000010001101100010101010000010001000100000000000100100000101000000011000010000000000000010110010100100001001000001001000000100000001000010010000110110000001100011011000111010000111000000011000000000100100000000111000000000001011001010000000001100000000000000001000110000001111100011000000100000101011000001111
00011011000000010000011001011000000100000100101100010000000010000000110100000110000110000100110000000111000101110100111001011100010100000100001100000100000011010101000100010000000111100000110100010010010011110001110100000010000001000000011001001110000011100000011000000010010000010000000100000110000111000101000100010101000001000001101100011010000000000001111100000001000000000000000000000100000111010000110100000011000111000001101100011110000101100100111100010010000111010001001001010110000000110000010000011001
00011011000110010001110000001101000111110000010100011010000010010000101101000101000001000001111000000111000010100000000000000100000001100000010001001100000111110001100000010000000110010100001000011000010011110000000100010111000010010001000100001010000100110000001100010100010000010001101000011001000100110000010101000110000000000001110000011011000101100100101000001110000110000000110100000010000001000001101101000110000011110101001000010011000111100001101000000011000111110001001101010110000110000001000001011000
00000101000100000000101100010011000000100100101100011100000000010100110000010111000101010001111100010010010000110000111101001101000100010000011000001101000110100101000100001100000101000100001000011101000000000001011100000111010000010001010100011101010001100000001000010000000011110001011101010001000100110000001001000110010111100100001101000011010111110100101000000111000110110001010000011111000000000100100000001001000010000101001000010101000111110000101100000110000000010001011100011000000101000001001101011000
00000110000001110000111100010001000111110000001000011101000000000100110000000100010100000001010100000011000000100001110001001101000110000000111100011001000110110101000100010111000001010001000000011100000000010001010100000000000010010101010000011010000101000000111000011000000011110000011100011111000101010101000100000111000000010001011001010111000110110000111100001100000111000000111100000100000100000000100100001010010011100000010100011111000000110000010000011100000001100000001000000101010101110001011100001011
01010010000000100000101100010100000111010100101100010010000101000100110000010110000000000000100100000101000010100000100000000100000010110100001100011000000110100001000000001101000111110000101100010111000010000101001000011101000011110101010000011010000011100000101001010001000101100000101100010100000110010101000100000100000010100001010000011000000111010000111101001111000101010100000100011111000100100000101100000011010011100001010000011111000000110100111100011011000110100000010101010110000001010001001100011011
00011101000001110000101000011010000000110000111000010010000011000000010100001011000101110100110000000111000100000000110100001000000001100001011101001100000010010001111100000000010100010000011000011100000111000001000100010001000011110000000001001110000010010000100101010001000101010000011000010100010100100001110000000111000110110000011000010010000111010000001000000000000001100000111101001101000110110000110101000110000111100000000000010101000000010000111000000001000101100001001001010110000101010000111101011000
00010001000110010000011100010101000100110000001000011101000000000100110000010001000110000000100101000110000011100000000100011000000001100001011100001101000000010001111101000100000001010000011100010111010011110000011000011101000011000001000100011101010001100001101000011111000101010000011100011101010100100001100100000011010011110001100100011001000010100001110101001111000100010001011100001000000000010001000101000110000010100001011100000100000100000000011000011111010100110001100100010000010101110001111100001100
01010010000100000001100000011101000111110100101100011010000010010000111100001001000001010000100000001111000011010000100101001101000111110000101100001001000110100001010001000100000001010000101000011100010011110000000100000001000011110101010000011001000010010001101000011101000001010100111000010011000101110101000100010101000001110001101100011001000001100000010000001000010101000000000000011001010100110000110100010000000010110000000000001001010100010001111100010010000000010000001001010110000110000001000001011000
00000110000111010000101101011000000101010000101000001010000101000000000000000000000101010001110000001111000011010000100101001101000001110000110100000000000100010101000100010111000101000001010000011100000000010101001000011100000011100000000100011100000101010100111100010000010000010000000000011000000101010001100100010010010011110001100100011110000000110000001100001110000110100100000100000111000111000001101000001000000010110000011001010000000000100000101000010110000111100000010101010110000101100001101000010101
00011101000001100001101001011000000000100001111000000011000000100001111000001101000001010000000100000111000011010100111000000101000000010001000001001100000110100001010000010111000001010000101100010111000010000101001000011100000001000001010100011100000100100000110100010100000000000001101001010001000110110000001001000110000010100000101000000011000111010000111100000010000100010000110100010100010100110000010000001001000110010101001000010001000001010100111101000000010000000101011000010100000100100001011100001100
00000001010101010001111000011101000000110100101100011110000011100000001000010000000001000000100101000110000000000000000100000000000110000000001000011110000011010001010101000100000001100000101100001101000001110101001000000000000010010001000101001110000001110001100100010100000100110000111100010110000101110101000100001011000011100001110000000100010011110101110001011111010101000001000100001000000000010100100000001011000001110001110000000101000001010000101001010011000111000000010001010110000101100001100001011000
00010011000000010000011000010100000101000001111100010110000101000100110001010001010000000100110000010110000001100001110001001101000001010000101000000010000111010000010100000001010100010000101000011100010011110001000000000110000001000001010100011010000011100000101000000010010000010000001100011110000000000001010001000110000010100001010000010001000001100000100100000110000100010000111100011001000111110001000101000110000110100001101000010001000111110100111100010010000001010001001100000100000101100001000100011101
01010010000001010000101100010111000000010000011100010110010001110001100000001010000111110100110000010010000000100000010100000100000001100000010001001100000000010001111101000100000111000000110100001011000010100101001000011011000110010000110100001001000000110000000101010001000100010000101100000011010100100001001100010100000010100001001100000011000001110100101000001110000110100000010101001101000110110000110101000110000001100001001100000011010100010000111001010011000111100000001100010101000111110101011000011110
00010011000001100001101000011101000000110100101100000001000000100000111100001010000001100000100100010100000110100100111000011001000000010000111000001001010010000001000000000010000001010000011100001011010011110001011100001100000001000000011000001101000011110001110000010100010000010000111100000010010100100001100100001111000111000101001000010101000000000000111000010110010101000001000000011000000110100000101100001101000000100000101101010000000100110001110100010110000100100001110100000101010101110001001000010111
00000101000110110100111000010100000100000000100000000111000011100000111101000101000100010000111100001111000001110100111000011001000000000000011001001100000010010001001000001101000101010100001000010000000000010101001000011001000101000000011100001101000010100000101000000010010000010001101000011001000100110000010101000110000011000001001100000010000111000000111100011100010101000001000100001100000110100000011001000110000011110001010000000100000101000001110101010011000101100000111000010011000001010001010100010001
00000001000100000000111100010100000111010100101100000111000011110000010100010110010100000000010100010101010000110001101000000101000010010000110100000111000110110101000100010000000111100100001000010001000001100000000101010100000000100001110000000111000010100000101100011001000011100000000100010101010100100001100000001000010011110000011000011111000010100100101000000010000110110001010000000011000001110000100100001111000000000000000101010000000100000000000100010111010100110000001000011001010101110001000100011101
00011100000100000001101000010001000100100001100001010011000001010001100100010001010100000000010100010010010000110000011100011110010010000000101100000101000110110101000100001001000101000000110000001101000011100001111001010100000100100000000000011100000000110000000100010110000101010000011001010001000001100001100100000111000110110101001000000100000010100001111000011100010101000000100100000100000111100100100000000111000111100001001100000010000001010100111100011011000101100101011000011001000100010000001000011101
00011100010101010001110100011101000001010001100001010011000011110000010100001000000000110000100100001010000001010100111000001110000000000000001000000000000001000001010000001010000101100000011100001010010011110000011000011011010000010000011100001011000000110100111100011001000011100001100101010001000111100001111000001000000010000101001000011111000010100100101000001100000101010000111101001101000101100000011000000010000110110000000000010101010100010000101100011010000101010001000000011111000101000000001100010100
00000110010101010000110100010111000111110000111100011010000100110000010100001010000111100001111101000110000010100000000001001101000001110001000100001000000011010000001101000100000001010000110101011001000110110000000000000001000011010000110101001110000100110000000100010101000001000001110000000010000001100001000000001000000010110101001000000000000001110000101100011011010101000000100100000100000000000100100000000100000000010001011000001001010100010000111000011101000101110101011000011011000111100001100000011100
01010010000101100000111100010110010100010000100000011100000101110000100101000101000001110000010100010010000010110100111000001011000001110001000101001100000011010000100100000101000111000001001000010101000010100101001000011100000001000101010000001111000010100000001000011110000100100001101001010001000101010001000000010000000010100101001000011111000001100000011100011100000100010000110100001011010100110000001100001111000010100001110000010101000010000100111100010101000100100001111100011010000000100000010000011101
01010010000101000000100000001100000101000001100101010011000010000000001000001001000010010100110000000010000100010000011100000011000000110000101000000010000011110101000101010111010001000100001000010101000001100000011000000110000001000000011101001110000010010000100101010001000101100000111100000101000101110000001101000110000000000001110001010111000011100100101001011110010001000101000100000110000111100100100000010100000110110001110001010000000110000000000101010011000001110001001100011011000001110001001100001010
00010011000000010001101100001010000101000001100001010011000010000000101001000101000100010001111000001001000101100000000000001001010010000101011101011100100010101100000100000111000110000001011001011001000110000001110100000001000011010001000001001110000100100000111000011010000001000100111000010000010100100001001100001001000000000001100101010111000110110000010101001111000110000000100000011110000001110100100000000111000000100001111001010000000001010000011100010110010100110000010000010111000101000001001100001011
01010010000101000000000000011100010100010000101000000100000001100001111000000001000000110100110000001110000001100001110101001101000111110000110000000010010010000001000000001010000101010100001000001101000001110001011101010100000011000001101100011011000010000001101100010000000010000000000000000010010100100001100100000011000111000101001000010100000000110000001100000010000101100000010000001001010100110000100100001000000010100101001000010101000001110000101000011101010100110001111000010011000001010001001101011000
00011001000111000000001000010001000100000000010100000000010001110000110100000110000110000000010100000011000101010000101100000000000011010000110100011000000110110101000100000001000010010000000100011100000010100001011001010100000101010001110000001011010001100000111000000111000001000001110000010000000101010001010001000110000111110001011100000101000111000000010100000001010101000000000000011110010100110001101100001001000000110001011100011000000111100001100001010011000110110001001101010110000100010001111100010110
00010110000001100100111000001100000110000000011000010110010001110001100000001010010100000001111000000011000000000000000100011111000011000100001100000100000000010000001001000100000100100000001100001011000010100001011100000110010000010001101100000000010001100000011100011000000100100100111000010011000111100001111000000001010011110001001100011001000010110100101000000111000101010001001001001101000001000001101000001111000110100000011000010101000111110100111100000111000110110000010000010011000100100101011000011010
00011101000110100000010100001011010100010001100100000110000010010100110000001010000000100100110000000010000010100000101101001101000111000000101100001001010010000001100000001010000001110000101100001010000001100001000000011000000001000101010000001100000010010001110100010101000001000001110001010001000100110001111100000010010011110000000100000010000000100000011100000110000000000001001001001101000111000000111001000110000000110000101101010000000111010000011000010101000101100101011001010110010101110101011001011000